"code" "year" "gdp"
"1" 4 1978 NA
"2" 4 1983 NA
"3" 4 1988 NA
"4" 4 1993 NA
"5" 4 1998 -0.197670207007363
"6" 4 2003 -0.115993693482072
"7" 4 2008 0.422334639233669
"8" 4 2013 0.191401584391964
"9" 4 2018 -0.300072323136198
"10" 8 1978 -0.0281719691666241
"11" 8 1983 -0.0167493633006976
"12" 8 1988 -0.0512706252681145
"13" 8 1993 -0.26578874049945
"14" 8 1998 0.259979774941223
"15" 8 2003 0.102000923293663
"16" 8 2008 NA
"17" 8 2013 NA
"18" 8 2018 NA
"19" 12 1978 0.323494166482053
"20" 12 1983 0.215427490365278
"21" 12 1988 -0.260893203157114
"22" 12 1993 -0.240074988741681
"23" 12 1998 -0.0947293398728753
"24" 12 2003 0.194756526650367
"25" 12 2008 0.195307357370299
"26" 12 2013 -0.0565307159824621
"27" 12 2018 -0.276757293113865
"28" 24 1978 NA
"29" 24 1983 NA
"30" 24 1988 -0.254916071876082
"31" 24 1993 -0.262197530166866
"32" 24 1998 -0.0730683832778071
"33" 24 2003 -0.293213462614404
"34" 24 2008 0.56854168380544
"35" 24 2013 0.514919499986064
"36" 24 2018 -0.200065735856345
"37" 28 1978 -0.163260797237822
"38" 28 1983 0.0932389637609229
"39" 28 1988 0.142954845451532
"40" 28 1993 0.0219314298672409
"41" 28 1998 -0.177577217686507
"42" 28 2003 -0.118118822988495
"43" 28 2008 0.200831598833129
"44" 28 2013 NA
"45" 28 2018 NA
"46" 32 1978 -0.211763666376198
"47" 32 1983 -0.136352686237955
"48" 32 1988 -0.0626051499215879
"49" 32 1993 0.321609769647451
"50" 32 1998 0.52113340950999
"51" 32 2003 -0.338139761212066
"52" 32 2008 0.0160409265980131
"53" 32 2013 0.0486334923362031
"54" 32 2018 -0.15855633434385
"55" 51 1978 NA
"56" 51 1983 NA
"57" 51 1988 NA
"58" 51 1993 NA
"59" 51 1998 0
"60" 51 2003 NA
"61" 51 2008 NA
"62" 51 2013 NA
"63" 51 2018 NA
"64" 36 1978 0
"65" 36 1983 NA
"66" 36 1988 NA
"67" 36 1993 NA
"68" 36 1998 NA
"69" 36 2003 NA
"70" 36 2008 NA
"71" 36 2013 NA
"72" 36 2018 NA
"73" 40 1978 NA
"74" 40 1983 NA
"75" 40 1988 NA
"76" 40 1993 NA
"77" 40 1998 NA
"78" 40 2003 NA
"79" 40 2008 NA
"80" 40 2013 NA
"81" 40 2018 NA
"82" 31 1978 NA
"83" 31 1983 NA
"84" 31 1988 NA
"85" 31 1993 NA
"86" 31 1998 -0.531209702622362
"87" 31 2003 NA
"88" 31 2008 NA
"89" 31 2013 0.598106464438988
"90" 31 2018 -0.0668967618166261
"91" 44 1978 -0.204499426028246
"92" 44 1983 0.301778968942315
"93" 44 1988 0.153903104683095
"94" 44 1993 -0.217392956436533
"95" 44 1998 0.0084845224423061
"96" 44 2003 0.0706436209835141
"97" 44 2008 -0.112917834586452
"98" 44 2013 NA
"99" 44 2018 NA
"100" 48 1978 0.0026669797127665
"101" 48 1983 -0.061197244591698
"102" 48 1988 -0.475507247971198
"103" 48 1993 -0.033421876235933
"104" 48 1998 -0.118650055471234
"105" 48 2003 0.457633272058204
"106" 48 2008 0.430559494501997
"107" 48 2013 0.118129022278809
"108" 48 2018 -0.320212344281715
"109" 50 1978 -0.277456001841394
"110" 50 1983 -0.124794507973969
"111" 50 1988 -0.0699090332733443
"112" 50 1993 -0.00618672843202642
"113" 50 1998 -0.102617662910622
"114" 50 2003 -0.163197408887007
"115" 50 2008 0.118682492978363
"116" 50 2013 0.41203470027131
"117" 50 2018 0.213444150068691
"118" 52 1978 -0.0546050476319875
"119" 52 1983 0.0546050476319875
"120" 52 1988 NA
"121" 52 1993 NA
"122" 52 1998 NA
"123" 52 2003 NA
"124" 52 2008 NA
"125" 52 2013 NA
"126" 52 2018 NA
"127" 112 1978 NA
"128" 112 1983 NA
"129" 112 1988 0
"130" 112 1993 NA
"131" 112 1998 NA
"132" 112 2003 NA
"133" 112 2008 NA
"134" 112 2013 NA
"135" 112 2018 NA
"136" 56 1978 NA
"137" 56 1983 NA
"138" 56 1988 NA
"139" 56 1993 NA
"140" 56 1998 NA
"141" 56 2003 NA
"142" 56 2008 NA
"143" 56 2013 NA
"144" 56 2018 NA
"145" 84 1978 -0.16349077591879
"146" 84 1983 -0.0519110781166132
"147" 84 1988 0.187588638112271
"148" 84 1993 0.217639488298852
"149" 84 1998 -0.0500617510901293
"150" 84 2003 0.0137260313132956
"151" 84 2008 -0.0141135488570453
"152" 84 2013 -0.0315338261072447
"153" 84 2018 -0.107843177634596
"154" 204 1978 NA
"155" 204 1983 NA
"156" 204 1988 -0.233853492893575
"157" 204 1993 -0.252724660457373
"158" 204 1998 -0.00141781249027245
"159" 204 2003 0.196879114157044
"160" 204 2008 0.0192092966691702
"161" 204 2013 0.0425257219625371
"162" 204 2018 0.229381833052469
"163" 64 1978 NA
"164" 64 1983 -0.0591578312182168
"165" 64 1988 -0.0570325987845182
"166" 64 1993 -0.0278861023701452
"167" 64 1998 0.0473359493630075
"168" 64 2003 0.0680878477424633
"169" 64 2008 0.0683918270421475
"170" 64 2013 -0.039739091774738
"171" 64 2018 NA
"172" 68 1978 -0.054705900912489
"173" 68 1983 -0.142175658374463
"174" 68 1988 -0.179589443562291
"175" 68 1993 -0.0769292158877799
"176" 68 1998 0.105796975258541
"177" 68 2003 -0.0868657382435811
"178" 68 2008 0.12080759265388
"179" 68 2013 0.242137092803046
"180" 68 2018 0.0715242962651366
"181" 70 1978 0.0812256591970117
"182" 70 1983 0.0437798100141656
"183" 70 1988 -0.125005469211177
"184" 70 1993 NA
"185" 70 1998 NA
"186" 70 2003 NA
"187" 70 2008 NA
"188" 70 2013 NA
"189" 70 2018 NA
"190" 72 1978 -0.149972355905353
"191" 72 1983 0.0719419033651528
"192" 72 1988 0.556476498220586
"193" 72 1993 0.115153222775946
"194" 72 1998 0.0225273714388335
"195" 72 2003 -0.0788007301112307
"196" 72 2008 -0.0819316974313021
"197" 72 2013 -0.227985682831887
"198" 72 2018 -0.227408529520746
"199" 76 1978 0.125753658962622
"200" 76 1983 -0.12137350831191
"201" 76 1988 -0.0125944335687271
"202" 76 1993 -0.0580624613128556
"203" 76 1998 0.274298921280838
"204" 76 2003 -0.208022177049967
"205" 76 2008 NA
"206" 76 2013 NA
"207" 76 2018 NA
"208" 100 1978 0.109768298334759
"209" 100 1983 0.0103402353335983
"210" 100 1988 -0.120108533668358
"211" 100 1993 NA
"212" 100 1998 NA
"213" 100 2003 NA
"214" 100 2008 NA
"215" 100 2013 NA
"216" 100 2018 NA
"217" 854 1978 NA
"218" 854 1983 NA
"219" 854 1988 -0.0775956176822195
"220" 854 1993 -0.110742652467355
"221" 854 1998 0.0149097853431145
"222" 854 2003 0.0781904905566674
"223" 854 2008 -0.00107499110971462
"224" 854 2013 0.0300788211448785
"225" 854 2018 0.0662341642146282
"226" 108 1978 NA
"227" 108 1983 NA
"228" 108 1988 NA
"229" 108 1993 7.19403815738831e-05
"230" 108 1998 -0.134539320303723
"231" 108 2003 -0.0562932637968498
"232" 108 2008 -0.0137874386105489
"233" 108 2013 0.101941378044497
"234" 108 2018 0.102606704285051
"235" 116 1978 NA
"236" 116 1983 NA
"237" 116 1988 -0.0820879205339677
"238" 116 1993 -0.121862551681017
"239" 116 1998 -0.175227950824596
"240" 116 2003 0.0825285904818536
"241" 116 2008 0.186487450111996
"242" 116 2013 0.0177637856551017
"243" 116 2018 0.0923985967906294
"244" 120 1978 NA
"245" 120 1983 NA
"246" 120 1988 NA
"247" 120 1993 -0.223804688461574
"248" 120 1998 0.0440349372563919
"249" 120 2003 0.0225362706312654
"250" 120 2008 0.0100242679265225
"251" 120 2013 0.0553586607693276
"252" 120 2018 0.0918505518780664
"253" 124 1978 NA
"254" 124 1983 NA
"255" 124 1988 NA
"256" 124 1993 NA
"257" 124 1998 NA
"258" 124 2003 NA
"259" 124 2008 NA
"260" 124 2013 NA
"261" 124 2018 NA
"262" 132 1978 -0.326035491823278
"263" 132 1983 0.0203902554782951
"264" 132 1988 0.0948328445054292
"265" 132 1993 -0.0478929531102448
"266" 132 1998 0.129984011721693
"267" 132 2003 0.140529525340713
"268" 132 2008 0.16598089414103
"269" 132 2013 -0.0118897893493898
"270" 132 2018 -0.165899296904248
"271" 140 1978 NA
"272" 140 1983 NA
"273" 140 1988 NA
"274" 140 1993 NA
"275" 140 1998 NA
"276" 140 2003 NA
"277" 140 2008 NA
"278" 140 2013 NA
"279" 140 2018 NA
"280" 148 1978 NA
"281" 148 1983 NA
"282" 148 1988 NA
"283" 148 1993 NA
"284" 148 1998 NA
"285" 148 2003 -0.242611401635703
"286" 148 2008 0.499175962101842
"287" 148 2013 0.00807687463945272
"288" 148 2018 -0.264641435105592
"289" 152 1978 -0.273619512372809
"290" 152 1983 -0.0302059589680129
"291" 152 1988 -0.0790646213550672
"292" 152 1993 0.1877153904567
"293" 152 1998 0.195174702239189
"294" 152 2003 NA
"295" 152 2008 NA
"296" 152 2013 NA
"297" 152 2018 NA
"298" 156 1978 -0.0542614683596612
"299" 156 1983 0.0399428968617662
"300" 156 1988 0.158676689025868
"301" 156 1993 -0.144358117527973
"302" 156 1998 NA
"303" 156 2003 NA
"304" 156 2008 NA
"305" 156 2013 NA
"306" 156 2018 NA
"307" 170 1978 0.201292402532645
"308" 170 1983 -0.0552104316356885
"309" 170 1988 -0.0962973322670854
"310" 170 1993 -0.0401331768670399
"311" 170 1998 -0.0396228135223821
"312" 170 2003 -0.1409594200921
"313" 170 2008 0.17093077185165
"314" 170 2013 NA
"315" 170 2018 NA
"316" 174 1978 NA
"317" 174 1983 0.0746553231432307
"318" 174 1988 0.182488764565348
"319" 174 1993 -0.163853546860908
"320" 174 1998 -0.0722600131360272
"321" 174 2003 -0.0448620872125073
"322" 174 2008 -0.0658224319269007
"323" 174 2013 -0.0163801651342546
"324" 174 2018 0.106034156562019
"325" 178 1978 -0.0545873416261815
"326" 178 1983 0.518951155753357
"327" 178 1988 -0.293593689110687
"328" 178 1993 -0.343166406702259
"329" 178 1998 -0.396373187995163
"330" 178 2003 0.353666212964019
"331" 178 2008 0.241646711234074
"332" 178 2013 0.39694920246463
"333" 178 2018 -0.42349265698179
"334" 188 1978 0.105632652512707
"335" 188 1983 -0.157049407160395
"336" 188 1988 -0.0517408892004327
"337" 188 1993 -0.00415571791700838
"338" 188 1998 0.0710546175227601
"339" 188 2003 0.00582950400441462
"340" 188 2008 0.0304292402379546
"341" 188 2013 NA
"342" 188 2018 NA
"343" 384 1978 0.0854260541576409
"344" 384 1983 -0.286850461951429
"345" 384 1988 0.018741141243115
"346" 384 1993 -0.210064076226541
"347" 384 1998 -0.0219390707219202
"348" 384 2003 -0.18675087622914
"349" 384 2008 -0.0993292935794677
"350" 384 2013 0.376683824806856
"351" 384 2018 0.324082758500886
"352" 192 1978 0
"353" 192 1983 NA
"354" 192 1988 NA
"355" 192 1993 NA
"356" 192 1998 NA
"357" 192 2003 NA
"358" 192 2008 NA
"359" 192 2013 NA
"360" 192 2018 NA
"361" 203 1978 0.0487961913247781
"362" 203 1983 -0.0487961913247781
"363" 203 1988 NA
"364" 203 1993 NA
"365" 203 1998 NA
"366" 203 2003 NA
"367" 203 2008 NA
"368" 203 2013 NA
"369" 203 2018 NA
"370" 408 1978 NA
"371" 408 1983 NA
"372" 408 1988 NA
"373" 408 1993 NA
"374" 408 1998 0
"375" 408 2003 NA
"376" 408 2008 NA
"377" 408 2013 NA
"378" 408 2018 NA
"379" 180 1978 NA
"380" 180 1983 NA
"381" 180 1988 NA
"382" 180 1993 NA
"383" 180 1998 NA
"384" 180 2003 NA
"385" 180 2008 NA
"386" 180 2013 -0.0362165362452399
"387" 180 2018 0.0362165362452398
"388" 208 1978 NA
"389" 208 1983 NA
"390" 208 1988 NA
"391" 208 1993 NA
"392" 208 1998 NA
"393" 208 2003 NA
"394" 208 2008 NA
"395" 208 2013 NA
"396" 208 2018 NA
"397" 262 1978 -0.247489024068172
"398" 262 1983 -0.280080322597898
"399" 262 1988 -0.222693954099626
"400" 262 1993 -0.152300356339139
"401" 262 1998 0.00655321138673683
"402" 262 2003 -0.0406305150824251
"403" 262 2008 0.196832678799184
"404" 262 2013 0.212461373084532
"405" 262 2018 0.527346908916807
"406" 214 1978 0.0178195398021256
"407" 214 1983 -0.0465455745139524
"408" 214 1988 -0.151510680973313
"409" 214 1993 -0.140368214398081
"410" 214 1998 0.140419765555009
"411" 214 2003 0.0217693238493216
"412" 214 2008 0.0560829796029252
"413" 214 2013 0.017659033643177
"414" 214 2018 0.0846738274327871
"415" 218 1978 0.239928361098842
"416" 218 1983 -0.0758263371275283
"417" 218 1988 -0.243298011835992
"418" 218 1993 -0.158341269843689
"419" 218 1998 -0.162833658169046
"420" 218 2003 0.0145116610645444
"421" 218 2008 0.287717738989319
"422" 218 2013 0.155287389159798
"423" 218 2018 -0.0571458733362476
"424" 818 1978 -0.160324282693389
"425" 818 1983 -0.118977207156257
"426" 818 1988 -0.0803437485341999
"427" 818 1993 0.152902133166751
"428" 818 1998 0.368688363035361
"429" 818 2003 -0.148534748773095
"430" 818 2008 0.0184963438463507
"431" 818 2013 0.257228178258688
"432" 818 2018 -0.28913503115021
"433" 222 1978 -0.0772934374026478
"434" 222 1983 -0.463099334776767
"435" 222 1988 -0.182089626860277
"436" 222 1993 -0.0783524834284224
"437" 222 1998 0.269823062340128
"438" 222 2003 0.13465739687573
"439" 222 2008 0.281334833579301
"440" 222 2013 0.27274722434923
"441" 222 2018 -0.157727634676275
"442" 226 1978 NA
"443" 226 1983 NA
"444" 226 1988 NA
"445" 226 1993 NA
"446" 226 1998 0.397408107129285
"447" 226 2003 1.06109937893183
"448" 226 2008 0.0613281957062056
"449" 226 2013 -0.396762506066114
"450" 226 2018 -1.12307317570121
"451" 232 1978 NA
"452" 232 1983 NA
"453" 232 1988 -0.230901584056427
"454" 232 1993 -0.381313095149988
"455" 232 1998 -0.250920996012562
"456" 232 2003 -0.230860880596955
"457" 232 2008 0.240129842051282
"458" 232 2013 0.366067947221521
"459" 232 2018 0.487798766543128
"460" 233 1978 NA
"461" 233 1983 NA
"462" 233 1988 NA
"463" 233 1993 NA
"464" 233 1998 NA
"465" 233 2003 NA
"466" 233 2008 NA
"467" 233 2013 NA
"468" 233 2018 NA
"469" 231 1978 NA
"470" 231 1983 NA
"471" 231 1988 -0.230901584056427
"472" 231 1993 -0.381313095149988
"473" 231 1998 -0.250920996012562
"474" 231 2003 -0.230860880596955
"475" 231 2008 0.240129842051282
"476" 231 2013 0.366067947221521
"477" 231 2018 0.487798766543128
"478" 242 1978 0.140153439558008
"479" 242 1983 -0.15911859311096
"480" 242 1988 -0.160704334838854
"481" 242 1993 0.014308701740257
"482" 242 1998 -0.0641883684230982
"483" 242 2003 -0.173435786356089
"484" 242 2008 -0.0632919409590234
"485" 242 2013 0.231967369625783
"486" 242 2018 0.234309512763977
"487" 250 1978 NA
"488" 250 1983 NA
"489" 250 1988 NA
"490" 250 1993 NA
"491" 250 1998 NA
"492" 250 2003 NA
"493" 250 2008 NA
"494" 250 2013 NA
"495" 250 2018 NA
"496" 266 1978 NA
"497" 266 1983 NA
"498" 266 1988 -0.341649240956574
"499" 266 1993 -0.00799862597595302
"500" 266 1998 -0.100247614405726
"501" 266 2003 0.21377661664214
"502" 266 2008 0.382626599803822
"503" 266 2013 -0.0687503791637222
"504" 266 2018 -0.0777573559439866
"505" 270 1978 NA
"506" 270 1983 NA
"507" 270 1988 NA
"508" 270 1993 NA
"509" 270 1998 NA
"510" 270 2003 0.0933187500263524
"511" 270 2008 0.0727149642017401
"512" 270 2013 -0.105699073136962
"513" 270 2018 -0.0603346410911306
"514" 268 1978 NA
"515" 268 1983 NA
"516" 268 1988 NA
"517" 268 1993 NA
"518" 268 1998 NA
"519" 268 2003 NA
"520" 268 2008 NA
"521" 268 2013 NA
"522" 268 2018 0
"523" 276 1978 NA
"524" 276 1983 NA
"525" 276 1988 NA
"526" 276 1993 NA
"527" 276 1998 NA
"528" 276 2003 NA
"529" 276 2008 NA
"530" 276 2013 NA
"531" 276 2018 NA
"532" 288 1978 -0.180087958781168
"533" 288 1983 -0.277977974919314
"534" 288 1988 -0.0357190239082788
"535" 288 1993 -0.0181051453774148
"536" 288 1998 -0.0308267413063103
"537" 288 2003 0.0489774447577168
"538" 288 2008 0.145197917685074
"539" 288 2013 0.366354735911207
"540" 288 2018 -0.0178132540615121
"541" 300 1978 0.0594118291440735
"542" 300 1983 -0.0594118291440735
"543" 300 1988 NA
"544" 300 1993 NA
"545" 300 1998 NA
"546" 300 2003 NA
"547" 300 2008 NA
"548" 300 2013 NA
"549" 300 2018 NA
"550" 308 1978 0.163592722137502
"551" 308 1983 -0.217093248346712
"552" 308 1988 0.0682096333977987
"553" 308 1993 0.120044805477531
"554" 308 1998 0.00672512353581411
"555" 308 2003 -0.0230815591109316
"556" 308 2008 0.0162739326497844
"557" 308 2013 -0.159395534038072
"558" 308 2018 0.0247241242972853
"559" 312 1978 NA
"560" 312 1983 NA
"561" 312 1988 NA
"562" 312 1993 NA
"563" 312 1998 NA
"564" 312 2003 NA
"565" 312 2008 NA
"566" 312 2013 -0.0440265268004183
"567" 312 2018 0.0440265268004183
"568" 316 1978 NA
"569" 316 1983 NA
"570" 316 1988 NA
"571" 316 1993 NA
"572" 316 1998 NA
"573" 316 2003 NA
"574" 316 2008 -0.064866990903693
"575" 316 2013 0.0370733560058398
"576" 316 2018 0.0277936348978532
"577" 320 1978 0.0344049036930165
"578" 320 1983 -0.0834291165519473
"579" 320 1988 -0.157650044393743
"580" 320 1993 -0.0087425984886392
"581" 320 1998 0.057543822154958
"582" 320 2003 0.0203832405411111
"583" 320 2008 0.0573262740834577
"584" 320 2013 0.0893397508092482
"585" 320 2018 -0.00917623184746158
"586" 324 1978 NA
"587" 324 1983 NA
"588" 324 1988 NA
"589" 324 1993 0.0338634193818361
"590" 324 1998 0.0623365407013757
"591" 324 2003 -0.246043815745279
"592" 324 2008 -0.150158465087527
"593" 324 2013 0.12643520119143
"594" 324 2018 0.173567119558165
"595" 624 1978 NA
"596" 624 1983 NA
"597" 624 1988 NA
"598" 624 1993 0.0353509771177467
"599" 624 1998 0.0462781044969097
"600" 624 2003 -0.0677847678709353
"601" 624 2008 -0.153526340141153
"602" 624 2013 -0.0468156036103299
"603" 624 2018 0.186497630007761
"604" 328 1978 -0.0333522560587873
"605" 328 1983 -0.290396625323156
"606" 328 1988 -0.276958511576835
"607" 328 1993 -0.100316834304816
"608" 328 1998 0.173699014976268
"609" 328 2003 0.101546691065863
"610" 328 2008 0.335916670909027
"611" 328 2013 0.0932517235411828
"612" 328 2018 -0.00338987322874593
"613" 332 1978 NA
"614" 332 1983 NA
"615" 332 1988 -0.029306969170708
"616" 332 1993 -0.196622422957337
"617" 332 1998 0.235178161247277
"618" 332 2003 0.128923327157158
"619" 332 2008 -0.0836223826596284
"620" 332 2013 -0.0291517619289789
"621" 332 2018 -0.0253979516877828
"622" 340 1978 0.087434571899194
"623" 340 1983 -0.0925239296000479
"624" 340 1988 -0.0520813238123262
"625" 340 1993 -0.0402078071226247
"626" 340 1998 -0.0340404254296255
"627" 340 2003 -0.0683357017879667
"628" 340 2008 0.0388379545771189
"629" 340 2013 0.032667683428557
"630" 340 2018 0.128248977847721
"631" 344 1978 0
"632" 344 1983 NA
"633" 344 1988 NA
"634" 344 1993 NA
"635" 344 1998 NA
"636" 344 2003 NA
"637" 344 2008 NA
"638" 344 2013 NA
"639" 344 2018 NA
"640" 348 1978 0
"641" 348 1983 NA
"642" 348 1988 NA
"643" 348 1993 NA
"644" 348 1998 NA
"645" 348 2003 NA
"646" 348 2008 NA
"647" 348 2013 NA
"648" 348 2018 NA
"649" 356 1978 -0.189822940585345
"650" 356 1983 -0.34828328606813
"651" 356 1988 -0.159247878872821
"652" 356 1993 0.00401372785074144
"653" 356 1998 0.0600464557777643
"654" 356 2003 0.0622040608440111
"655" 356 2008 0.270377437275141
"656" 356 2013 0.240885146163334
"657" 356 2018 0.0598272776153046
"658" 360 1978 0.133054396558542
"659" 360 1983 0.164446708236823
"660" 360 1988 -0.177096565289508
"661" 360 1993 0.0520498821191182
"662" 360 1998 -0.0881017569233502
"663" 360 2003 -0.421452794915731
"664" 360 2008 0.0939613437587061
"665" 360 2013 0.417196506744364
"666" 360 2018 -0.174057720288963
"667" 364 1978 NA
"668" 364 1983 NA
"669" 364 1988 -0.400120646433591
"670" 364 1993 0.245782954307328
"671" 364 1998 0.377893710598193
"672" 364 2003 0.0652712817292266
"673" 364 2008 NA
"674" 364 2013 NA
"675" 364 2018 -0.288827300201157
"676" 368 1978 0.402558791561944
"677" 368 1983 -0.152606451407524
"678" 368 1988 -0.219620451202131
"679" 368 1993 -0.59424807216514
"680" 368 1998 0.140180398691626
"681" 368 2003 0.0725529840678187
"682" 368 2008 0.172986409562492
"683" 368 2013 0.613468624967429
"684" 368 2018 -0.435272234076515
"685" 372 1978 0.0466799682144573
"686" 372 1983 0.00777934151641861
"687" 372 1988 0.00544762890063329
"688" 372 1993 0.0897937692925752
"689" 372 1998 NA
"690" 372 2003 NA
"691" 372 2008 NA
"692" 372 2013 -0.149700707924084
"693" 372 2018 NA
"694" 376 1978 -0.0334169854478549
"695" 376 1983 -0.0439855626776605
"696" 376 1988 -0.0300039772014848
"697" 376 1993 0.0981420033858912
"698" 376 1998 0.159794427704505
"699" 376 2003 -0.00798080368076215
"700" 376 2008 -0.172905622110525
"701" 376 2013 0.0183229296327306
"702" 376 2018 0.0120335903951598
"703" 380 1978 0
"704" 380 1983 NA
"705" 380 1988 NA
"706" 380 1993 NA
"707" 380 1998 NA
"708" 380 2003 NA
"709" 380 2008 NA
"710" 380 2013 NA
"711" 380 2018 NA
"712" 388 1978 -0.138004220173059
"713" 388 1983 -0.321131317613428
"714" 388 1988 0.0146924309365092
"715" 388 1993 0.165237672501136
"716" 388 1998 0.067603364695465
"717" 388 2003 0.0939911236884101
"718" 388 2008 0.117610945964967
"719" 388 2013 NA
"720" 388 2018 NA
"721" 392 1978 NA
"722" 392 1983 NA
"723" 392 1988 NA
"724" 392 1993 NA
"725" 392 1998 NA
"726" 392 2003 NA
"727" 392 2008 NA
"728" 392 2013 NA
"729" 392 2018 NA
"730" 400 1978 -0.0821453483627304
"731" 400 1983 0.214122569488692
"732" 400 1988 -0.138091799592575
"733" 400 1993 -0.399987027028225
"734" 400 1998 -0.0804331955308846
"735" 400 2003 0.0370193780879428
"736" 400 2008 0.445437586733491
"737" 400 2013 0.265482282776032
"738" 400 2018 -0.261404446571743
"739" 398 1978 NA
"740" 398 1983 NA
"741" 398 1988 NA
"742" 398 1993 NA
"743" 398 1998 -0.649469369667648
"744" 398 2003 0.139783043078167
"745" 398 2008 0.351512923288767
"746" 398 2013 0.348370321102483
"747" 398 2018 -0.190196917801769
"748" 404 1978 -0.00497532536414408
"749" 404 1983 -0.0975719404915811
"750" 404 1988 -0.0426494402890256
"751" 404 1993 -0.0820212132529044
"752" 404 1998 -0.0750932717895966
"753" 404 2003 -0.198472788006816
"754" 404 2008 -0.00406411212722677
"755" 404 2013 0.171716639187605
"756" 404 2018 0.33313145213369
"757" 296 1978 NA
"758" 296 1983 NA
"759" 296 1988 NA
"760" 296 1993 NA
"761" 296 1998 NA
"762" 296 2003 NA
"763" 296 2008 -0.064866990903693
"764" 296 2013 0.0370733560058398
"765" 296 2018 0.0277936348978532
"766" 414 1978 0.256132361358869
"767" 414 1983 -0.25689400245492
"768" 414 1988 -0.461867848373439
"769" 414 1993 0.173116858291122
"770" 414 1998 0.159800021032284
"771" 414 2003 -0.0639706484027208
"772" 414 2008 0.688134328175766
"773" 414 2013 -0.0849033542320553
"774" 414 2018 -0.409547715394905
"775" 417 1978 NA
"776" 417 1983 NA
"777" 417 1988 NA
"778" 417 1993 NA
"779" 417 1998 -0.610589737818822
"780" 417 2003 -0.172988438616644
"781" 417 2008 0.14769763403173
"782" 417 2013 0.384670358026122
"783" 417 2018 0.251210184377615
"784" 418 1978 NA
"785" 418 1983 NA
"786" 418 1988 -0.224962578650447
"787" 418 1993 -0.155067577921426
"788" 418 1998 -0.0894738584926228
"789" 418 2003 0.0244614071035016
"790" 418 2008 0.165048985542886
"791" 418 2013 0.24673644922282
"792" 418 2018 0.0332571731952895
"793" 428 1978 NA
"794" 428 1983 NA
"795" 428 1988 0
"796" 428 1993 NA
"797" 428 1998 NA
"798" 428 2003 NA
"799" 428 2008 NA
"800" 428 2013 NA
"801" 428 2018 NA
"802" 422 1978 -0.649357345622432
"803" 422 1983 -0.0662359070583517
"804" 422 1988 -0.00646799394128786
"805" 422 1993 -0.315556282329553
"806" 422 1998 0.106539870934517
"807" 422 2003 0.472710804656053
"808" 422 2008 0.486982474698985
"809" 422 2013 0.00222196744599829
"810" 422 2018 -0.0308375887839292
"811" 426 1978 NA
"812" 426 1983 -0.245683022842486
"813" 426 1988 -0.112676333714126
"814" 426 1993 0.0719543496503673
"815" 426 1998 0.124528733261261
"816" 426 2003 0.100792057248439
"817" 426 2008 0.0735561730772203
"818" 426 2013 0.0417775093529756
"819" 426 2018 -0.0542494660336509
"820" 430 1978 NA
"821" 430 1983 -0.286167540489283
"822" 430 1988 -0.195281453015738
"823" 430 1993 -0.622906925601186
"824" 430 1998 -0.342684978220276
"825" 430 2003 0.907912687506884
"826" 430 2008 -0.131484464683574
"827" 430 2013 0.144831201274884
"828" 430 2018 0.525781473228288
"829" 434 1978 0.188978485801774
"830" 434 1983 -0.308971588295992
"831" 434 1988 -0.383224004018124
"832" 434 1993 0.0415905681396989
"833" 434 1998 0.22577433504329
"834" 434 2003 0.302150457149226
"835" 434 2008 0.723420475473216
"836" 434 2013 -0.247456683579101
"837" 434 2018 -0.542262045713989
"838" 440 1978 NA
"839" 440 1983 NA
"840" 440 1988 NA
"841" 440 1993 NA
"842" 440 1998 NA
"843" 440 2003 NA
"844" 440 2008 NA
"845" 440 2013 NA
"846" 440 2018 NA
"847" 450 1978 -0.147780431534693
"848" 450 1983 -0.0724273347084966
"849" 450 1988 0.0840399759633217
"850" 450 1993 -0.193325697952922
"851" 450 1998 -0.0365792146209182
"852" 450 2003 0.0815766890045087
"853" 450 2008 0.107859327119055
"854" 450 2013 0.18605226665915
"855" 450 2018 -0.00941557992900589
"856" 454 1978 NA
"857" 454 1983 NA
"858" 454 1988 -0.0225155194852179
"859" 454 1993 -0.132314411191333
"860" 454 1998 0.0558074082033316
"861" 454 2003 -0.079440100895298
"862" 454 2008 0.289510140994384
"863" 454 2013 -0.0993892761792693
"864" 454 2018 -0.011658241446598
"865" 458 1978 0.11937733040115
"866" 458 1983 0.0635878707264164
"867" 458 1988 -0.202781613088716
"868" 458 1993 0.101014556510362
"869" 458 1998 0.120754549735415
"870" 458 2003 -0.113618356036369
"871" 458 2008 0.0603371652188938
"872" 458 2013 0.0010571463727721
"873" 458 2018 -0.149728649839923
"874" 462 1978 NA
"875" 462 1983 NA
"876" 462 1988 0.0114673254962713
"877" 462 1993 0.0325031090302543
"878" 462 1998 -0.0485584675390116
"879" 462 2003 0.0615839652227648
"880" 462 2008 0.10200556893968
"881" 462 2013 -0.159001501149959
"882" 462 2018 NA
"883" 466 1978 NA
"884" 466 1983 NA
"885" 466 1988 NA
"886" 466 1993 -0.221209729250656
"887" 466 1998 0.39266682612769
"888" 466 2003 0.0115812928397264
"889" 466 2008 -0.087077813122483
"890" 466 2013 -0.0395306870129047
"891" 466 2018 -0.0564298895813731
"892" 470 1978 0.486086088514197
"893" 470 1983 -0.053364238148001
"894" 470 1988 -0.178105055389093
"895" 470 1993 -0.254616794977103
"896" 470 1998 NA
"897" 470 2003 NA
"898" 470 2008 NA
"899" 470 2013 NA
"900" 470 2018 NA
"901" 474 1978 NA
"902" 474 1983 NA
"903" 474 1988 NA
"904" 474 1993 NA
"905" 474 1998 NA
"906" 474 2003 NA
"907" 474 2008 NA
"908" 474 2013 0
"909" 474 2018 NA
"910" 478 1978 NA
"911" 478 1983 -0.108335144583061
"912" 478 1988 -0.114911855738593
"913" 478 1993 -0.049956743268315
"914" 478 1998 0.00838728535755028
"915" 478 2003 -0.0861644977605688
"916" 478 2008 0.196014255431946
"917" 478 2013 0.144627596677754
"918" 478 2018 0.0103391038832876
"919" 480 1978 0.00998375562549855
"920" 480 1983 -0.244355892380247
"921" 480 1988 0.122189507530668
"922" 480 1993 0.0705855479737917
"923" 480 1998 0.0415970812502889
"924" 480 2003 NA
"925" 480 2008 NA
"926" 480 2013 NA
"927" 480 2018 NA
"928" 484 1978 0.0984027020662483
"929" 484 1983 0.132804467414288
"930" 484 1988 -0.206061281258934
"931" 484 1993 -0.0481472532544242
"932" 484 1998 -0.0251051983232566
"933" 484 2003 0.0118519567949284
"934" 484 2008 -0.00329081171827587
"935" 484 2013 0.0654826485737983
"936" 484 2018 -0.0259372302943728
"937" 496 1978 -0.139410583793091
"938" 496 1983 -0.0173918233635063
"939" 496 1988 -0.0110641135548679
"940" 496 1993 -0.267180513789452
"941" 496 1998 -0.294481826776954
"942" 496 2003 0.082027795117704
"943" 496 2008 0.563853639566475
"944" 496 2013 0.252653054065708
"945" 496 2018 -0.169005627472016
"946" 499 1978 NA
"947" 499 1983 NA
"948" 499 1988 NA
"949" 499 1993 NA
"950" 499 1998 NA
"951" 499 2003 NA
"952" 499 2008 NA
"953" 499 2013 NA
"954" 499 2018 NA
"955" 504 1978 0.00756974325652907
"956" 504 1983 -0.0552301844639717
"957" 504 1988 0.193084612515976
"958" 504 1993 0.035529485884163
"959" 504 1998 -0.00664281784132176
"960" 504 2003 -0.235469055530607
"961" 504 2008 -0.027937287291011
"962" 504 2013 0.149273752784669
"963" 504 2018 -0.0601782493144261
"964" 508 1978 NA
"965" 508 1983 NA
"966" 508 1988 -0.217760160168305
"967" 508 1993 -0.179244610942136
"968" 508 1998 0.100988625449295
"969" 508 2003 0.231657185345805
"970" 508 2008 0.18615723365695
"971" 508 2013 -0.0815360215656522
"972" 508 2018 -0.0402622517759569
"973" 104 1978 -0.164416976033369
"974" 104 1983 -0.0765995744908249
"975" 104 1988 -0.323377645673905
"976" 104 1993 -0.306776661764571
"977" 104 1998 -0.0765869387697875
"978" 104 2003 0.170161898043229
"979" 104 2008 0.555860270890368
"980" 104 2013 0.314856698024188
"981" 104 2018 -0.0931210702253268
"982" 516 1978 -0.080439917056455
"983" 516 1983 -0.0550242923227897
"984" 516 1988 -0.0991939488619713
"985" 516 1993 -0.240591147569752
"986" 516 1998 0.00766869495017959
"987" 516 2003 0.0670409839138844
"988" 516 2008 0.232716877813147
"989" 516 2013 0.192234714709051
"990" 516 2018 -0.0244119655752938
"991" 524 1978 NA
"992" 524 1983 -0.15928561888948
"993" 524 1988 -0.0103878871596191
"994" 524 1993 0.00455248242671277
"995" 524 1998 0.00656532910317928
"996" 524 2003 -0.157727447451754
"997" 524 2008 -0.0502108236366017
"998" 524 2013 0.255522522002145
"999" 524 2018 0.110971443605418
"1000" 528 1978 NA
"1001" 528 1983 NA
"1002" 528 1988 NA
"1003" 528 1993 NA
"1004" 528 1998 NA
"1005" 528 2003 NA
"1006" 528 2008 NA
"1007" 528 2013 NA
"1008" 528 2018 NA
"1009" 554 1978 -0.0763323470110532
"1010" 554 1983 -0.0580349535908213
"1011" 554 1988 0.171852942533968
"1012" 554 1993 -0.062136128999236
"1013" 554 1998 NA
"1014" 554 2003 NA
"1015" 554 2008 NA
"1016" 554 2013 0.0246504870671423
"1017" 554 2018 NA
"1018" 558 1978 -0.00769910428183468
"1019" 558 1983 -0.212009212948485
"1020" 558 1988 -0.140848075804566
"1021" 558 1993 -0.264594671278669
"1022" 558 1998 0.105565835830588
"1023" 558 2003 0.0989368293795336
"1024" 558 2008 0.0938908260209382
"1025" 558 2013 0.144600341161161
"1026" 558 2018 0.182157231921333
"1027" 562 1978 NA
"1028" 562 1983 NA
"1029" 562 1988 NA
"1030" 562 1993 NA
"1031" 562 1998 NA
"1032" 562 2003 -0.0643297522748833
"1033" 562 2008 -0.0158614512975315
"1034" 562 2013 0.0844559454950595
"1035" 562 2018 -0.00426474192264467
"1036" 566 1978 NA
"1037" 566 1983 -0.525408340024098
"1038" 566 1988 -0.868305809725311
"1039" 566 1993 -0.912368565949954
"1040" 566 1998 -0.614429312745473
"1041" 566 2003 1.45829440534382
"1042" 566 2008 1.81362942677661
"1043" 566 2013 -0.0230087735175898
"1044" 566 2018 -0.328403030158005
"1045" 578 1978 NA
"1046" 578 1983 NA
"1047" 578 1988 NA
"1048" 578 1993 NA
"1049" 578 1998 NA
"1050" 578 2003 NA
"1051" 578 2008 NA
"1052" 578 2013 NA
"1053" 578 2018 NA
"1054" 275 1978 0.140594566237453
"1055" 275 1983 -0.0952213722923934
"1056" 275 1988 -0.190772264414434
"1057" 275 1993 0.0178314010368359
"1058" 275 1998 0.150928538985318
"1059" 275 2003 -0.229602438190966
"1060" 275 2008 -0.00584777067292799
"1061" 275 2013 0.168229653710748
"1062" 275 2018 0.0438596856003679
"1063" 512 1978 NA
"1064" 512 1983 NA
"1065" 512 1988 -0.419001884932292
"1066" 512 1993 -0.269242951586164
"1067" 512 1998 -0.0335854368170963
"1068" 512 2003 0.454393968792374
"1069" 512 2008 0.89730173738358
"1070" 512 2013 -0.144117503017734
"1071" 512 2018 -0.485747929822668
"1072" 586 1978 NA
"1073" 586 1983 -0.0287869759967127
"1074" 586 1988 0.0117924603559152
"1075" 586 1993 -0.0637394431257519
"1076" 586 1998 -0.0632440088974002
"1077" 586 2003 -0.0894553525964437
"1078" 586 2008 0.130169960689306
"1079" 586 2013 0.0954847300843531
"1080" 586 2018 0.00777862948673405
"1081" 591 1978 -0.204179732324127
"1082" 591 1983 -0.0288392754462377
"1083" 591 1988 -0.192601055487973
"1084" 591 1993 -0.113972014284963
"1085" 591 1998 -0.0377388843995361
"1086" 591 2003 0.00248918212848082
"1087" 591 2008 0.0971445516288864
"1088" 591 2013 0.215273038345918
"1089" 591 2018 0.262424189839552
"1090" 598 1978 NA
"1091" 598 1983 NA
"1092" 598 1988 NA
"1093" 598 1993 NA
"1094" 598 1998 0.0242866759521753
"1095" 598 2003 -0.116823828580599
"1096" 598 2008 -0.00959956240562849
"1097" 598 2013 0.0179829303911732
"1098" 598 2018 0.0841537846428786
"1099" 600 1978 0.0595717001926969
"1100" 600 1983 0.0878488695441298
"1101" 600 1988 -0.197094027811039
"1102" 600 1993 -0.0741245931207196
"1103" 600 1998 -0.103747803359426
"1104" 600 2003 -0.0740083340301368
"1105" 600 2008 0.123699620278191
"1106" 600 2013 0.282640978248041
"1107" 600 2018 -0.104786409941738
"1108" 604 1978 -0.105045016792595
"1109" 604 1983 -0.128136930899509
"1110" 604 1988 -0.118719396756777
"1111" 604 1993 -0.238387029941982
"1112" 604 1998 0.178441273107998
"1113" 604 2003 -0.068122192398274
"1114" 604 2008 0.331035597205946
"1115" 604 2013 0.219384477836026
"1116" 604 2018 -0.0704507813608343
"1117" 608 1978 0.0380081262657626
"1118" 608 1983 -0.0326884580194572
"1119" 608 1988 -0.151268161089326
"1120" 608 1993 0.104135759710094
"1121" 608 1998 0.0721355591615291
"1122" 608 2003 -0.212238166187349
"1123" 608 2008 -0.0455572466527823
"1124" 608 2013 0.167800639369533
"1125" 608 2018 0.0596719474419962
"1126" 616 1978 0.0935882467305168
"1127" 616 1983 -0.206200001531374
"1128" 616 1988 0.229234279286672
"1129" 616 1993 -0.116622524485814
"1130" 616 1998 NA
"1131" 616 2003 NA
"1132" 616 2008 NA
"1133" 616 2013 NA
"1134" 616 2018 NA
"1135" 620 1978 0.00757035365774394
"1136" 620 1983 -0.00757035365774394
"1137" 620 1988 NA
"1138" 620 1993 NA
"1139" 620 1998 NA
"1140" 620 2003 NA
"1141" 620 2008 NA
"1142" 620 2013 NA
"1143" 620 2018 NA
"1144" 630 1978 -0.0801961747831476
"1145" 630 1983 -0.0903179619566729
"1146" 630 1988 -0.00609297777493253
"1147" 630 1993 0.0662818360283323
"1148" 630 1998 0.1059544720135
"1149" 630 2003 0.00437080647292071
"1150" 630 2008 NA
"1151" 630 2013 NA
"1152" 630 2018 NA
"1153" 634 1978 -0.311084628396259
"1154" 634 1983 -0.517806999595135
"1155" 634 1988 -0.634259554599992
"1156" 634 1993 -0.25232768429092
"1157" 634 1998 -0.123122863151848
"1158" 634 2003 0.957728900700761
"1159" 634 2008 0.687015307149228
"1160" 634 2013 0.193857522184165
"1161" 634 2018 NA
"1162" 410 1978 0.314123331256138
"1163" 410 1983 -0.314123331256138
"1164" 410 1988 NA
"1165" 410 1993 NA
"1166" 410 1998 NA
"1167" 410 2003 NA
"1168" 410 2008 NA
"1169" 410 2013 NA
"1170" 410 2018 NA
"1171" 498 1978 NA
"1172" 498 1983 NA
"1173" 498 1988 NA
"1174" 498 1993 NA
"1175" 498 1998 NA
"1176" 498 2003 NA
"1177" 498 2008 NA
"1178" 498 2013 NA
"1179" 498 2018 NA
"1180" 638 1978 -0.0370262742779872
"1181" 638 1983 -0.124564962263759
"1182" 638 1988 0.0444363849965808
"1183" 638 1993 0.0557662283905553
"1184" 638 1998 0.0310870636620659
"1185" 638 2003 -0.110092019667244
"1186" 638 2008 -0.0464000046985767
"1187" 638 2013 0.0796589015024578
"1188" 638 2018 0.107134682355907
"1189" 642 1978 0.239881758605041
"1190" 642 1983 -0.0724392677751239
"1191" 642 1988 -0.167442490829917
"1192" 642 1993 NA
"1193" 642 1998 NA
"1194" 642 2003 NA
"1195" 642 2008 NA
"1196" 642 2013 NA
"1197" 642 2018 NA
"1198" 643 1978 0.0357711925774119
"1199" 643 1983 0.0273311699081488
"1200" 643 1988 -0.0631023624855607
"1201" 643 1993 NA
"1202" 643 1998 NA
"1203" 643 2003 NA
"1204" 643 2008 NA
"1205" 643 2013 NA
"1206" 643 2018 NA
"1207" 646 1978 NA
"1208" 646 1983 -0.0492270021283283
"1209" 646 1988 -0.140176523811733
"1210" 646 1993 -0.323503887287754
"1211" 646 1998 -0.268254953389594
"1212" 646 2003 0.340926357158893
"1213" 646 2008 0.179459801090037
"1214" 646 2013 0.145554414641011
"1215" 646 2018 0.115221793727469
"1216" 662 1978 0.243212680915859
"1217" 662 1983 -0.0298338866715341
"1218" 662 1988 0.131466493556934
"1219" 662 1993 -0.0455008299657553
"1220" 662 1998 -0.0642241238714562
"1221" 662 2003 -0.235120333964047
"1222" 662 2008 NA
"1223" 662 2013 NA
"1224" 662 2018 NA
"1225" 670 1978 -0.157153961234581
"1226" 670 1983 0.0934095752416304
"1227" 670 1988 0.127517729079899
"1228" 670 1993 0.0742378718292697
"1229" 670 1998 -0.0852497376319604
"1230" 670 2003 -0.0147680368586561
"1231" 670 2008 0.0923287294091831
"1232" 670 2013 -0.0920404133642937
"1233" 670 2018 -0.0382817564704918
"1234" 882 1978 NA
"1235" 882 1983 NA
"1236" 882 1988 NA
"1237" 882 1993 NA
"1238" 882 1998 0.0338519782705103
"1239" 882 2003 0.0347859629013987
"1240" 882 2008 -0.0456728120392995
"1241" 882 2013 -0.0605437313067866
"1242" 882 2018 0.037578602174177
"1243" 678 1978 NA
"1244" 678 1983 -0.1887812859119
"1245" 678 1988 -0.228229448974771
"1246" 678 1993 -0.157589269158489
"1247" 678 1998 -0.117316102178989
"1248" 678 2003 0.223792969951279
"1249" 678 2008 0.0799967805828962
"1250" 678 2013 0.328836151890953
"1251" 678 2018 0.0592902037990212
"1252" 682 1978 0.191979340675678
"1253" 682 1983 -0.285435186669329
"1254" 682 1988 -0.494007269925627
"1255" 682 1993 -0.0737575987797824
"1256" 682 1998 -0.187966568539274
"1257" 682 2003 0.0943571798621862
"1258" 682 2008 0.590662203393806
"1259" 682 2013 0.460578393043157
"1260" 682 2018 -0.296410493060814
"1261" 686 1978 NA
"1262" 686 1983 NA
"1263" 686 1988 0.161087100486282
"1264" 686 1993 -0.131370502047563
"1265" 686 1998 -0.0623834690986513
"1266" 686 2003 -0.00591750030564198
"1267" 686 2008 0.0251196046999846
"1268" 686 2013 0.00404226558384375
"1269" 686 2018 0.00942250068174606
"1270" 694 1978 NA
"1271" 694 1983 NA
"1272" 694 1988 NA
"1273" 694 1993 NA
"1274" 694 1998 -0.286557852083903
"1275" 694 2003 -0.217291854158127
"1276" 694 2008 0.0466127737409357
"1277" 694 2013 0.36156422283795
"1278" 694 2018 0.0956727096631452
"1279" 702 1978 0
"1280" 702 1983 NA
"1281" 702 1988 NA
"1282" 702 1993 NA
"1283" 702 1998 NA
"1284" 702 2003 NA
"1285" 702 2008 NA
"1286" 702 2013 NA
"1287" 702 2018 NA
"1288" 703 1978 NA
"1289" 703 1983 NA
"1290" 703 1988 NA
"1291" 703 1993 NA
"1292" 703 1998 NA
"1293" 703 2003 NA
"1294" 703 2008 NA
"1295" 703 2013 NA
"1296" 703 2018 NA
"1297" 705 1978 0.0964635387129754
"1298" 705 1983 -0.0964635387129754
"1299" 705 1988 NA
"1300" 705 1993 NA
"1301" 705 1998 NA
"1302" 705 2003 NA
"1303" 705 2008 NA
"1304" 705 2013 NA
"1305" 705 2018 NA
"1306" 90 1978 NA
"1307" 90 1983 NA
"1308" 90 1988 NA
"1309" 90 1993 NA
"1310" 90 1998 0.0242866759521753
"1311" 90 2003 -0.116823828580599
"1312" 90 2008 -0.00959956240562849
"1313" 90 2013 0.0179829303911732
"1314" 90 2018 0.0841537846428786
"1315" 706 1978 NA
"1316" 706 1983 NA
"1317" 706 1988 NA
"1318" 706 1993 NA
"1319" 706 1998 NA
"1320" 706 2003 -0.127868958994738
"1321" 706 2008 -0.0505748780869267
"1322" 706 2013 0.0754840281141078
"1323" 706 2018 0.102959808967557
"1324" 710 1978 -0.0215425279071774
"1325" 710 1983 0.0399927879830038
"1326" 710 1988 -0.138079089916019
"1327" 710 1993 -0.127689469565448
"1328" 710 1998 0.0254196995219441
"1329" 710 2003 0.0774882114537657
"1330" 710 2008 0.162476497320525
"1331" 710 2013 0.0326983026760593
"1332" 710 2018 -0.0507644115666529
"1333" 728 1978 NA
"1334" 728 1983 NA
"1335" 728 1988 NA
"1336" 728 1993 NA
"1337" 728 1998 NA
"1338" 728 2003 -0.0652334033680822
"1339" 728 2008 0.22147278058941
"1340" 728 2013 0.0533952652374761
"1341" 728 2018 -0.209634642458804
"1342" 724 1978 0.0699125771342753
"1343" 724 1983 -0.0699125771342753
"1344" 724 1988 NA
"1345" 724 1993 NA
"1346" 724 1998 NA
"1347" 724 2003 NA
"1348" 724 2008 NA
"1349" 724 2013 NA
"1350" 724 2018 NA
"1351" 144 1978 -0.291871463972551
"1352" 144 1983 -0.340577448119004
"1353" 144 1988 0.044717902616234
"1354" 144 1993 0.0133344841976298
"1355" 144 1998 0.133801741549782
"1356" 144 2003 -0.0632461505041661
"1357" 144 2008 0.142691790830499
"1358" 144 2013 0.338187912018596
"1359" 144 2018 0.0229612313829793
"1360" 729 1978 0.179191863830175
"1361" 729 1983 -0.21597399833394
"1362" 729 1988 -0.102461393864094
"1363" 729 1993 -0.0608007833272834
"1364" 729 1998 -0.111883661924941
"1365" 729 2003 0.0246470044522653
"1366" 729 2008 0.295488635855989
"1367" 729 2013 0.127411120504055
"1368" 729 2018 -0.135618787192225
"1369" 740 1978 0.115808234465742
"1370" 740 1983 -0.127917435673573
"1371" 740 1988 -0.124966418458141
"1372" 740 1993 -0.0748957574973579
"1373" 740 1998 -0.103411172550932
"1374" 740 2003 0.0461166812700788
"1375" 740 2008 0.227794764323675
"1376" 740 2013 0.23749220325687
"1377" 740 2018 -0.196021099136362
"1378" 748 1978 0.136276252006534
"1379" 748 1983 -0.10224577040082
"1380" 748 1988 0.110213640797712
"1381" 748 1993 0.148895626896289
"1382" 748 1998 0.103669999163936
"1383" 748 2003 -0.161966034379106
"1384" 748 2008 -0.0622195417018611
"1385" 748 2013 -0.0451712046351959
"1386" 748 2018 -0.127452967747489
"1387" 756 1978 NA
"1388" 756 1983 NA
"1389" 756 1988 NA
"1390" 756 1993 NA
"1391" 756 1998 NA
"1392" 756 2003 NA
"1393" 756 2008 NA
"1394" 756 2013 NA
"1395" 756 2018 NA
"1396" 760 1978 -0.114390556226791
"1397" 760 1983 -0.49663599161155
"1398" 760 1988 -0.468854999639585
"1399" 760 1993 -0.424769291874766
"1400" 760 1998 -0.0870746146377912
"1401" 760 2003 0.948412349739572
"1402" 760 2008 1.03816508356968
"1403" 760 2013 -0.191447495283807
"1404" 760 2018 -0.203404484034963
"1405" 158 1978 0.0248555416263034
"1406" 158 1983 -0.0248555416263034
"1407" 158 1988 NA
"1408" 158 1993 NA
"1409" 158 1998 NA
"1410" 158 2003 NA
"1411" 158 2008 NA
"1412" 158 2013 NA
"1413" 158 2018 NA
"1414" 762 1978 NA
"1415" 762 1983 NA
"1416" 762 1988 NA
"1417" 762 1993 NA
"1418" 762 1998 -0.645876647625502
"1419" 762 2003 -0.091239394606521
"1420" 762 2008 0.308275543258909
"1421" 762 2013 0.367595747302153
"1422" 762 2018 0.0612447516709607
"1423" 764 1978 -0.00709658340119909
"1424" 764 1983 -0.0438913461321964
"1425" 764 1988 -0.0244878074840143
"1426" 764 1993 0.0754757370174098
"1427" 764 1998 NA
"1428" 764 2003 NA
"1429" 764 2008 NA
"1430" 764 2013 NA
"1431" 764 2018 NA
"1432" 807 1978 NA
"1433" 807 1983 NA
"1434" 807 1988 NA
"1435" 807 1993 NA
"1436" 807 1998 0
"1437" 807 2003 NA
"1438" 807 2008 NA
"1439" 807 2013 NA
"1440" 807 2018 NA
"1441" 626 1978 NA
"1442" 626 1983 NA
"1443" 626 1988 NA
"1444" 626 1993 NA
"1445" 626 1998 NA
"1446" 626 2003 NA
"1447" 626 2008 0.180932333294461
"1448" 626 2013 0.0134793794060385
"1449" 626 2018 -0.194411712700499
"1450" 768 1978 NA
"1451" 768 1983 -0.143586555066655
"1452" 768 1988 -0.11305430142841
"1453" 768 1993 -0.0323922225156096
"1454" 768 1998 -0.0277889246746666
"1455" 768 2003 -0.0891150405779242
"1456" 768 2008 -0.142030998692363
"1457" 768 2013 0.174244523447355
"1458" 768 2018 0.373723519508273
"1459" 776 1978 NA
"1460" 776 1983 NA
"1461" 776 1988 NA
"1462" 776 1993 NA
"1463" 776 1998 0.0338519782705103
"1464" 776 2003 0.0347859629013987
"1465" 776 2008 -0.0456728120392995
"1466" 776 2013 -0.0605437313067866
"1467" 776 2018 0.037578602174177
"1468" 780 1978 0.539277953363334
"1469" 780 1983 0.087610820269961
"1470" 780 1988 -0.383871471413027
"1471" 780 1993 -0.243017302220268
"1472" 780 1998 NA
"1473" 780 2003 NA
"1474" 780 2008 NA
"1475" 780 2013 NA
"1476" 780 2018 NA
"1477" 788 1978 0.070586901851319
"1478" 788 1983 0.0792934512413211
"1479" 788 1988 -0.0465128866917443
"1480" 788 1993 0.0803156408234318
"1481" 788 1998 0.185334292589432
"1482" 788 2003 -0.135772877397971
"1483" 788 2008 0.0913757944426831
"1484" 788 2013 -0.133322518174445
"1485" 788 2018 -0.191297798684026
"1486" 792 1978 0.0423211203844183
"1487" 792 1983 -0.170726058321
"1488" 792 1988 0.0243800862853198
"1489" 792 1993 -0.0905600070741389
"1490" 792 1998 -0.0429525259374385
"1491" 792 2003 -0.151765576594863
"1492" 792 2008 0.180515104381444
"1493" 792 2013 0.180476846374669
"1494" 792 2018 0.0283110105015897
"1495" 795 1978 NA
"1496" 795 1983 NA
"1497" 795 1988 NA
"1498" 795 1993 NA
"1499" 795 1998 -0.577614675699252
"1500" 795 2003 0.0461461174399918
"1501" 795 2008 0.173235418581171
"1502" 795 2013 0.282117382141935
"1503" 795 2018 0.0761157575361543
"1504" 800 1978 NA
"1505" 800 1983 NA
"1506" 800 1988 NA
"1507" 800 1993 NA
"1508" 800 1998 NA
"1509" 800 2003 -0.0468137137787704
"1510" 800 2008 0.0898085406613292
"1511" 800 2013 0.0535392073889923
"1512" 800 2018 -0.0965340342715511
"1513" 804 1978 NA
"1514" 804 1983 NA
"1515" 804 1988 0
"1516" 804 1993 NA
"1517" 804 1998 NA
"1518" 804 2003 NA
"1519" 804 2008 NA
"1520" 804 2013 NA
"1521" 804 2018 NA
"1522" 784 1978 0.132634339889644
"1523" 784 1983 -0.054855560968952
"1524" 784 1988 -0.339699961433162
"1525" 784 1993 -0.0226386261266126
"1526" 784 1998 -0.052040999035211
"1527" 784 2003 0.194367201949552
"1528" 784 2008 0.142233605724741
"1529" 784 2013 NA
"1530" 784 2018 NA
"1531" 826 1978 NA
"1532" 826 1983 NA
"1533" 826 1988 NA
"1534" 826 1993 NA
"1535" 826 1998 NA
"1536" 826 2003 NA
"1537" 826 2008 NA
"1538" 826 2013 NA
"1539" 826 2018 NA
"1540" 834 1978 NA
"1541" 834 1983 -0.248285424271861
"1542" 834 1988 -0.29382564547156
"1543" 834 1993 -0.24243718912276
"1544" 834 1998 0.00541549742891579
"1545" 834 2003 0.240396333031985
"1546" 834 2008 0.293284295818991
"1547" 834 2013 0.27623141419229
"1548" 834 2018 -0.0307792816060009
"1549" 840 1978 NA
"1550" 840 1983 NA
"1551" 840 1988 NA
"1552" 840 1993 NA
"1553" 840 1998 NA
"1554" 840 2003 NA
"1555" 840 2008 NA
"1556" 840 2013 NA
"1557" 840 2018 NA
"1558" 850 1978 NA
"1559" 850 1983 NA
"1560" 850 1988 NA
"1561" 850 1993 NA
"1562" 850 1998 NA
"1563" 850 2003 NA
"1564" 850 2008 NA
"1565" 850 2013 -0.0440265268004183
"1566" 850 2018 0.0440265268004183
"1567" 858 1978 -0.0813404216427743
"1568" 858 1983 -0.0723690982157302
"1569" 858 1988 -0.102821401317254
"1570" 858 1993 0.059442273838735
"1571" 858 1998 0.0675106000760888
"1572" 858 2003 -0.276369525984731
"1573" 858 2008 0.0890122091772406
"1574" 858 2013 0.362525523255667
"1575" 858 2018 -0.0455901591872422
"1576" 860 1978 NA
"1577" 860 1983 NA
"1578" 860 1988 NA
"1579" 860 1993 NA
"1580" 860 1998 -0.315128261152624
"1581" 860 2003 -0.0507261530310678
"1582" 860 2008 0.136842505230982
"1583" 860 2013 0.140064819427474
"1584" 860 2018 0.0889470895252353
"1585" 548 1978 NA
"1586" 548 1983 NA
"1587" 548 1988 NA
"1588" 548 1993 NA
"1589" 548 1998 0.0242866759521753
"1590" 548 2003 -0.116823828580599
"1591" 548 2008 -0.00959956240562849
"1592" 548 2013 0.0179829303911732
"1593" 548 2018 0.0841537846428786
"1594" 862 1978 0.0932834106585156
"1595" 862 1983 0.0235967481564575
"1596" 862 1988 -0.155217911635007
"1597" 862 1993 4.64896425487497e-05
"1598" 862 1998 -0.132702316105242
"1599" 862 2003 0.0363443789572619
"1600" 862 2008 0.793403439579088
"1601" 862 2013 0.23945807759539
"1602" 862 2018 -0.898212316849013
"1603" 704 1978 -0.0511584012384295
"1604" 704 1983 -0.0810090656053381
"1605" 704 1988 -0.0359715256481646
"1606" 704 1993 0.00570443490366473
"1607" 704 1998 0.089193479426793
"1608" 704 2003 0.0732410781614746
"1609" 704 2008 NA
"1610" 704 2013 NA
"1611" 704 2018 NA
"1612" 887 1978 NA
"1613" 887 1983 NA
"1614" 887 1988 NA
"1615" 887 1993 -0.223617032204341
"1616" 887 1998 0.0462661064423073
"1617" 887 2003 0.480111000874695
"1618" 887 2008 0.860662019942985
"1619" 887 2013 -0.312858114918682
"1620" 887 2018 -0.850563980136964
"1621" 894 1978 NA
"1622" 894 1983 -0.278837033900497
"1623" 894 1988 -0.0516715785029729
"1624" 894 1993 -0.406912815745203
"1625" 894 1998 -0.182823414421913
"1626" 894 2003 0.170580794028672
"1627" 894 2008 0.588249033821233
"1628" 894 2013 0.332137617724229
"1629" 894 2018 -0.170722603003547
"1630" 716 1978 -0.114097600349369
"1631" 716 1983 0.137777581933095
"1632" 716 1988 0.146444138679903
"1633" 716 1993 0.239155196447436
"1634" 716 1998 -0.0896430850040035
"1635" 716 2003 -0.477358011800331
"1636" 716 2008 -0.511780601962323
"1637" 716 2013 0.551997151017898
"1638" 716 2018 0.117505231037693
